Sample	Normalized_Value
0	0.5882
1	0.5882
2	0.5882
3	0.5882
4	0.5882
5	0.5882
6	0.5882
7	0.5882
8	0.5882
9	0.5882
10	0.5882
11	0.5882
12	0.5882
13	0.5882
14	0.5882
15	0.5882
16	0.0294
17	-0.3529
18	-0.6176
19	-0.7941
20	-0.9118
21	-1.0000
22	-1.0000
23	-1.0000
24	-1.0000
25	-1.0000
26	-1.0000
27	-1.0000
28	-1.0000
29	-1.0000
30	-1.0000
31	-1.0000
32	-0.4706
33	-0.1176
34	0.1471
35	0.3235
36	0.3235
37	0.3235
38	0.3235
39	0.3235
40	0.3235
41	0.3235
42	0.4706
43	0.5588
44	0.6176
45	0.6176
46	0.6176
47	0.7647
48	0.7647
49	0.7647
50	0.7647
51	0.7647
52	0.7647
53	0.7647
54	0.7647
55	0.7647
56	0.7647
57	0.7647
58	0.7647
59	0.7647
60	0.7647
61	0.7353
62	0.7353
63	0.7353
64	0.7353
65	0.7353
66	0.7353
67	0.7353
68	0.6471
69	0.6471
70	0.6471
71	0.6471
72	0.6471
73	0.6471
74	0.6471
75	0.6471
76	0.6471
77	0.6471
78	0.6471
79	0.6471
80	0.6471
81	0.6471
82	0.6471
83	0.6471
84	0.6471
85	0.6471
86	0.6471
87	0.6471
88	0.6471
89	0.6471
90	0.6471
91	0.6471
92	0.6471
93	0.6471
94	0.6471
95	0.6471
96	0.2647
97	0.0000
98	-0.2059
99	-0.3235
100	-0.3235
101	-0.3235
102	-0.3235
103	-0.3235
104	-0.3235
105	-0.3235
106	-0.3235
107	-0.3235
108	-0.3235
109	-0.3235
110	-0.3235
111	-0.3235
112	-0.3235
113	-0.3235
114	-0.3235
115	-0.3235
116	-0.3235
117	-0.3235
118	-0.3235
119	0.0000
120	0.2059
121	0.3529
122	0.4706
123	0.5588
124	0.6176
125	0.7647
126	0.7647
127	0.7647
128	0.7647
129	0.7647
130	0.7647
131	0.7647
132	0.7647
133	0.7647
134	0.7647
135	0.7647
136	0.7647
137	0.7647
138	0.7647
139	0.7647
140	0.7647
141	0.8529
142	0.8529
143	0.8529
144	0.8529
145	0.8529
146	0.8529
147	0.8529
148	0.8529
149	0.8529
150	0.8529
151	0.8529
152	0.7941
153	0.7941
154	0.7941
155	0.7941
156	0.7941
157	0.7941
158	0.6471
159	0.6471
160	0.6471
161	0.6471
162	0.6471
163	0.6471
164	0.6471
165	0.6471
166	0.6471
167	0.6471
168	0.6471
169	0.6471
170	0.6471
171	0.6471
172	0.6471
173	0.6471
174	0.6471
175	0.6471
176	0.6471
177	0.6471
178	0.7941
179	0.7941
180	0.7941
181	0.7941
182	0.7059
183	0.7059
184	0.7059
185	0.7059
186	0.7059
187	0.7059
188	0.7059
189	0.7059
190	0.7059
191	0.7059
192	0.7059
193	0.7059
194	0.7059
195	0.7059
196	0.7059
197	0.7059
198	0.7059
199	0.7059
200	0.7059
201	0.7059
202	0.6765
203	0.6765
204	0.6765
205	0.6765
206	0.6765
207	0.6765
208	0.6765
209	0.6765
210	0.6765
211	0.6471
212	0.6471
213	0.6471
214	0.6471
215	0.6471
216	0.6471
217	0.6471
218	0.6471
219	0.6471
220	0.7647
221	0.7647
222	0.7647
223	0.7647
224	0.7647
225	0.6471
226	0.6471
227	0.6471
228	0.6471
229	0.6471
230	0.6471
231	0.6471
232	0.6471
233	0.6765
234	0.6765
235	0.6765
236	0.6765
237	0.6765
238	0.6471
239	0.6471
240	0.6471
241	0.6471
242	0.7059
243	0.7059
244	0.7059
245	0.7059
246	0.7059
247	0.7059
248	0.7059
249	0.7059
250	0.7059
251	0.7059
252	0.7059
253	0.7059
254	0.7059
255	0.5882
256	0.5000
257	0.3824
258	0.3824
259	0.3824
260	0.4412
261	0.5000
262	0.6471
263	0.6471
264	0.6471
265	0.6471
266	0.6471
267	0.6471
268	0.6471
269	0.6471
270	0.6471
271	0.6471
272	0.6471
273	0.6471
274	0.7059
275	0.7647
276	0.9118
277	0.9118
278	0.9118
279	0.9118
280	1.0000
281	1.0000
282	1.0000
283	1.0000
284	1.0000
285	1.0000
286	1.0000
287	1.0000
288	1.0000
289	1.0000
290	0.3824
291	-0.0588
292	-0.3529
293	-0.5588
294	-0.7059
295	-0.8235
296	-0.8235
297	-0.8235
298	-0.8235
299	-0.8235
300	-0.8235
301	-0.8235
302	-0.8235
303	-0.8235
304	-0.8235
305	-0.8235
306	-0.8235
307	-0.8235
308	-0.8235
309	-0.8235
310	-0.3235
311	0.0294
312	0.2647
313	0.4412
314	0.5588
315	0.6471
316	0.6471
317	0.6471
318	0.6471
319	0.6471
320	0.6765
321	0.8235
322	0.8235
323	0.8235
324	0.8235
325	0.8235
326	0.7059
327	0.7059
328	0.7059
329	0.7059
330	0.7059
331	0.7059
332	0.7059
333	0.7059
334	0.7059
335	0.7059
336	0.7059
337	0.7059
338	0.7059
339	0.7059
340	0.7059
341	0.7353
342	0.7353
343	0.7353
344	0.7353
345	0.7353
346	0.6765
347	0.5588
348	0.5588
349	0.5588
350	0.5588
351	0.5588
352	0.5588
353	0.5588
354	0.5588
355	0.5588
356	0.5588
357	0.5588
358	0.5588
359	0.5588
360	0.5588
361	0.5588
362	0.5588
363	0.5588
364	0.5588
365	0.2941
366	0.0882
367	-0.0588
368	-0.0588
369	-0.0588
370	-0.2353
371	-0.3529
372	-0.4412
373	-0.5588
374	-0.5588
375	-0.5588
376	-0.5588
377	-0.5588
378	-0.5588
379	-0.5588
380	-0.5588
381	-0.5588
382	-0.5588
383	-0.5588
384	-0.5588
385	-0.5588
386	-0.5588
387	-0.5588
388	-0.5588
389	-0.5588
390	-0.5588
391	-0.5588
392	-0.5588
393	-0.5588
394	-0.5588
395	-0.5588
396	-0.5588
397	-0.5588
398	-0.5588
399	-0.5588
400	-0.1765
401	0.0882
402	0.2647
403	0.3824
404	0.5000
405	0.5882
406	0.6471
407	0.6765
408	0.8235
409	0.8235
410	0.7647
411	0.7647
412	0.7647
413	0.7647
414	0.7647
415	0.7647
416	0.7647
417	0.7647
418	0.7647
419	0.7647
420	0.7647
421	0.7647
422	0.7647
423	0.7647
424	0.7647
425	0.7647
426	0.7647
427	0.7647
428	0.7647
429	0.7647
430	0.6765
431	0.6765
432	0.6765
433	0.6765
434	0.6765
435	0.6765
436	0.6765
437	0.6765
438	0.6765
439	0.7059
440	0.7059
441	0.7059
442	0.7059
443	0.7059
444	0.7059
445	0.7059
446	0.7059
447	0.7059
448	0.7059
449	0.7059
450	0.7059
451	0.7059
452	0.7059
453	0.7059
454	0.7059
455	0.7647
456	0.7647
457	0.7647
458	0.7647
459	0.7647
460	0.7647
461	0.7647
462	0.6765
463	0.6765
464	0.6765
465	0.6765
466	0.6765
467	0.6765
468	0.7647
469	0.7647
470	0.7647
471	0.7647
472	0.7647
473	0.7647
474	0.7647
475	0.7647
476	0.7647
477	0.7647
478	0.7647
479	0.7647
480	0.7647
481	0.7059
482	0.7059
483	0.7059
484	0.7059
485	0.7059
486	0.7059
487	0.7059
488	0.7059
489	0.7059
490	0.7059
491	0.7059
492	0.7059
493	0.7059
494	0.7059
495	0.7059
496	0.7059
497	0.7059
498	0.7059
499	0.7059
500	0.7059
501	0.7059
502	0.7059
503	0.7353
504	0.7353
505	0.7353
506	0.7353
507	0.7059
508	0.7059
509	0.7059
510	0.7059
511	0.7059
512	0.7059
513	0.7059
514	0.7647
515	0.7647
516	0.7647
517	0.7647
518	0.7647
519	0.7647
520	0.7647
521	0.7647
522	0.7647
523	0.7647
524	0.7647
525	0.7647
526	0.6471
527	0.5588
528	0.5000
529	0.3824
530	0.3824
531	0.3824
532	0.3824
533	0.3824
534	0.3824
535	0.3824
536	0.3824
537	0.3824
538	0.3824
539	0.3824
540	0.3824
541	0.3824
542	0.3824
543	0.3824
544	0.3824
545	0.3824
546	0.3824
547	0.3824
548	0.3824
549	0.5294
550	0.6471
551	0.7353
552	0.7941
553	0.8529
554	0.8529
555	0.8529
556	0.8529
557	0.9118
558	0.9118
559	0.9118
560	0.9118
561	0.9118
562	0.9118
563	0.9118
564	0.2647
565	-0.1765
566	-0.5000
567	-0.7059
568	-0.8529
569	-0.9706
570	-0.9706
571	-0.9706
572	-0.9706
573	-0.9706
574	-0.9706
575	-0.9706
576	-0.9706
577	-0.9706
578	-0.4706
579	-0.1176
580	0.1471
581	0.1471
582	0.1471
583	0.1471
584	0.1471
585	0.1471
586	0.1471
587	0.1471
588	0.1471
589	0.1471
590	0.1471
591	0.1471
592	0.1471
593	0.1471
594	0.1471
595	0.1471
596	0.1471
597	0.1471
598	0.1471
599	0.2941
600	0.3824
601	0.4412
602	0.4412
603	0.4412
604	0.4412
605	0.4412
606	0.4412
607	0.4412
608	0.4412
609	0.4412
610	0.5000
611	0.5588
612	0.7059
613	0.7353
614	0.7353
615	0.7353
616	0.7353
617	0.7353
618	0.7353
619	0.6765
620	0.5588
621	0.5588
622	0.5588
623	0.5588
624	0.5588
625	0.5294
626	0.5294
627	0.5294
628	0.5294
629	0.5294
630	0.5294
631	0.5294
632	0.5294
633	0.5294
634	0.5294
635	0.5294
636	0.5294
637	0.5294
638	0.5294
639	0.5294
640	0.5294
641	0.5294
642	0.5294
643	0.5294
644	0.5294
645	0.5294
646	0.5294
647	0.5294
648	0.2059
649	-0.0294
650	-0.1765
651	-0.2941
652	-0.2941
653	-0.2941
654	-0.2941
655	-0.2941
656	-0.2941
657	-0.2941
658	-0.2941
659	-0.2941
660	-0.2941
661	-0.2941
662	-0.2941
663	-0.2941
664	-0.2941
665	-0.2941
666	-0.0294
667	0.1765
668	0.3235
669	0.4118
670	0.4706
671	0.5294
672	0.5294
673	0.5294
674	0.5294
675	0.5882
676	0.6471
677	0.7941
678	0.7941
679	0.7941
680	0.7941
681	0.7941
682	0.7941
683	0.7941
684	0.7941
685	0.7941
686	0.7941
687	0.7941
688	0.8235
689	0.8235
690	0.8235
691	0.8235
692	0.8235
693	0.8235
694	0.8235
695	0.8235
696	0.8235
697	0.8235
698	0.8235
699	0.8235
700	0.7647
701	0.6471
702	0.6471
703	0.6471
704	0.6471
705	0.6471
706	0.6471
707	0.6471
708	0.6471
709	0.6471
710	0.6471
711	0.6471
712	0.6471
713	0.6471
714	0.6471
715	0.6471
716	0.6471
717	0.6471
718	0.6471
719	0.6471
720	0.6471
721	0.6471
722	0.6471
723	0.6471
724	0.6471
725	0.6471
726	0.7059
727	0.7059
728	0.7059
729	0.7059
730	0.7059
731	0.7059
732	0.7059
733	0.7059
734	0.7059
735	0.7059
736	0.7059
737	0.7059
738	0.7059
739	0.7941
740	0.7941
741	0.7941
742	0.7941
743	0.7941
744	0.7941
745	0.7941
746	0.7941
747	0.6471
748	0.6471
749	0.6471
750	0.6471
751	0.6471
752	0.7353
753	0.7353
754	0.7353
755	0.7353
756	0.7353
757	0.7353
758	0.7353
759	0.7353
760	0.7353
761	0.6765
762	0.6765
763	0.6765
764	0.6765
765	0.6765
766	0.7059
767	0.7059
768	0.7059
769	0.7059
770	0.7059
771	0.7059
772	0.7059
773	0.7059
774	0.7059
775	0.7059
776	0.7059
777	0.7059
778	0.7059
779	0.7059
780	0.7059
781	0.7059
782	0.7059
783	0.7059
784	0.7059
785	0.7059
786	0.7059
787	0.7059
788	0.5588
789	0.5588
790	0.5588
791	0.5588
792	0.5588
793	0.5588
794	0.4118
795	0.4118
796	0.4118
797	0.4118
798	0.4118
799	0.4118
800	0.4118
801	0.4118
802	0.4118
803	0.4118
804	0.4118
805	0.4118
806	0.4118
807	0.4118
808	0.4118
809	0.4118
810	0.4118
811	0.4118
812	0.4118
813	0.4118
814	0.4118
815	0.4118
816	0.5588
817	0.6765
818	0.7353
819	0.7941
820	0.8824
821	0.8824
822	0.8824
823	0.9118
824	0.9706
825	0.9706
826	0.9706
827	0.9706
828	0.9706
829	0.9706
830	0.9706
831	0.3235
832	-0.1471
833	-0.4706
834	-0.7059
835	-0.8529
836	-0.9706
837	-0.9706
838	-0.9706
839	-0.9706
840	-0.9706
841	-0.9706
842	-0.9706
843	-0.9706
844	-0.9706
845	-0.9706
846	-0.9706
847	-0.9706
848	-0.9706
849	-0.9706
850	-0.9706
851	-0.9706
852	-0.4412
853	-0.0588
854	0.2059
855	0.3824
856	0.4706
857	0.5294
858	0.5882
859	0.6176
860	0.6176
861	0.6176
862	0.6176
863	0.6176
864	0.6176
865	0.6176
866	0.6176
867	0.6176
868	0.6176
869	0.6176
870	0.6176
871	0.6176
872	0.6176
873	0.6176
874	0.6176
875	0.6176
876	0.7353
877	0.7353
878	0.7353
879	0.7353
880	0.7353
881	0.7353
882	0.7353
883	0.7353
884	0.7353
885	0.7353
886	0.7353
887	0.7353
888	0.6471
889	0.5000
890	0.5000
891	0.5000
892	0.5000
893	0.5000
894	0.5000
895	0.5000
896	0.5000
897	0.5000
898	0.5000
899	0.5000
900	0.5000
901	0.5000
902	0.5000
903	0.5000
904	0.5000
905	0.5000
906	0.5000
907	0.5000
908	0.1765
909	-0.0294
910	-0.1765
911	-0.2941
912	-0.2941
913	-0.3824
914	-0.4706
915	-0.5882
916	-0.5882
917	-0.5882
918	-0.5882
919	-0.5882
920	-0.5882
921	-0.5882
922	-0.5882
923	-0.5882
924	-0.5882
925	-0.5882
926	-0.5882
927	-0.5882
928	-0.5882
929	-0.2353
930	0.0000
931	0.1765
932	0.2941
933	0.3824
934	0.4412
935	0.4412
936	0.4412
937	0.4412
938	0.4412
939	0.5294
940	0.5882
941	0.6471
942	0.6765
943	0.7647
944	0.7647
945	0.7647
946	0.7647
947	0.8529
948	0.8529
949	0.8529
950	0.8529
951	0.8529
952	0.8529
953	0.8529
954	0.8529
955	0.7941
956	0.7941
957	0.7941
958	0.7941
959	0.8529
960	0.8529
961	0.8529
962	0.8529
963	0.8529
964	0.7353
965	0.7353
966	0.7353
967	0.7353
968	0.7353
969	0.7353
970	0.7353
971	0.7353
972	0.7353
973	0.7353
974	0.7353
975	0.7353
976	0.7353
977	0.7353
978	0.6471
979	0.6471
980	0.6471
981	0.6471
982	0.6471
983	0.6471
984	0.7647
985	0.7647
986	0.7647
987	0.7647
988	0.7647
989	0.7647
990	0.7647
991	0.7647
992	0.7647
993	0.7647
994	0.7353
995	0.7353
996	0.7353
997	0.7353
998	0.7353
999	0.7353
1000	0.7059
1001	0.7059
1002	0.7059
1003	0.7059
1004	0.7941
1005	0.7941
1006	0.7941
1007	0.7941
1008	0.7941
1009	0.7941
1010	0.7941
1011	0.7941
1012	0.7941
1013	0.7353
1014	0.7353
1015	0.7353
1016	0.7353
1017	0.7353
1018	0.7647
1019	0.7647
1020	0.7647
1021	0.7647
1022	0.7353
1023	0.7353
1024	0.7353
1025	0.7353
1026	0.7353
1027	0.7647
1028	0.7647
1029	0.7647
1030	0.7647
1031	0.7647
1032	0.6471
1033	0.6471
1034	0.6471
1035	0.6471
1036	0.6471
1037	0.6471
1038	0.6471
1039	0.7059
1040	0.7059
1041	0.7059
1042	0.7059
1043	0.7059
1044	0.7059
1045	0.7059
1046	0.7059
1047	0.7059
1048	0.7059
1049	0.7059
1050	0.6471
1051	0.6471
1052	0.6471
1053	0.6471
1054	0.6471
1055	0.6471
1056	0.6471
1057	0.6471
1058	0.6471
1059	0.6471
1060	0.6471
1061	0.6471
1062	0.6471
1063	0.6471
1064	0.6471
1065	0.6471
1066	0.6471
1067	0.6471
1068	0.6471
1069	0.6471
1070	0.5588
1071	0.4412
1072	0.4412
1073	0.4412
1074	0.4412
1075	0.4412
1076	0.5882
1077	0.5882
1078	0.5882
1079	0.5882
1080	0.5882
1081	0.5882
1082	0.5882
1083	0.6176
1084	0.6471
1085	0.7941
1086	0.7941
1087	0.7941
1088	0.7941
1089	0.7941
1090	0.7941
1091	0.7941
1092	0.7941
1093	0.7941
1094	0.7941
1095	0.7941
1096	0.7941
1097	0.7941
1098	0.7941
1099	0.7941
1100	0.8529
1101	1.0000
1102	1.0000
1103	1.0000
1104	1.0000
1105	1.0000
1106	1.0000
1107	0.3529
1108	-0.0882
1109	-0.4118
1110	-0.6471
1111	-0.7941
1112	-0.9118
1113	-0.9118
1114	-0.9118
1115	-0.9118
1116	-0.9118
1117	-0.9118
1118	-0.9118
1119	-0.9118
1120	-0.9118
1121	-0.9118
1122	-0.9118
1123	-0.9118
1124	-0.9118
1125	-0.9118
1126	-0.9118
1127	-0.4118
1128	-0.0588
1129	0.2059
1130	0.3824
1131	0.4706
1132	0.5588
1133	0.6176
1134	0.6176
1135	0.6176
1136	0.6176
1137	0.6176
1138	0.6765
1139	0.7059
1140	0.8529
1141	0.8529
1142	0.8529
1143	0.8529
1144	0.8235
1145	0.8235
1146	0.8235
1147	0.8235
1148	0.8235
1149	0.8235
1150	0.8235
1151	0.8235
1152	0.8235
1153	0.8235
1154	0.6765
1155	0.6765
1156	0.6765
1157	0.6765
1158	0.6765
1159	0.6765
1160	0.6765
1161	0.6765
1162	0.6176
1163	0.6176
1164	0.6176
1165	0.6176
1166	0.6176
1167	0.6176
1168	0.6176
1169	0.6176
1170	0.6176
1171	0.6176
1172	0.6176
1173	0.6176
1174	0.6176
1175	0.6176
1176	0.6176
1177	0.6176
1178	0.6176
1179	0.6176
1180	0.6176
1181	0.6176
1182	0.6176
1183	0.6176
1184	0.6176
1185	0.2647
1186	0.0294
1187	-0.1471
1188	-0.2647
1189	-0.3824
1190	-0.4706
1191	-0.6176
1192	-0.6176
1193	-0.6176
1194	-0.6176
1195	-0.6176
1196	-0.6176
1197	-0.6176
1198	-0.6176
1199	-0.6176
1200	-0.6176
1201	-0.6176
1202	-0.6176
1203	-0.6176
1204	-0.6176
1205	-0.6176
1206	-0.6176
1207	-0.6176
1208	-0.6176
1209	-0.6176
1210	-0.6176
1211	-0.6176
1212	-0.6176
1213	-0.6176
1214	-0.6176
1215	-0.6176
1216	-0.6176
1217	-0.6176
1218	-0.2353
1219	0.0294
1220	0.2059
1221	0.3529
1222	0.4706
1223	0.5588
1224	0.6176
1225	0.7647
1226	0.7647
1227	0.7647
1228	0.7647
1229	0.7941
1230	0.8529
1231	0.8529
1232	0.8529
1233	0.8529
1234	0.7647
1235	0.7647
1236	0.7647
1237	0.7647
1238	0.7647
1239	0.7647
1240	0.7647
1241	0.7353
1242	0.7353
1243	0.7353
1244	0.7353
1245	0.7353
1246	0.7353
1247	0.7353
1248	0.7353
1249	0.7353
1250	0.7353
1251	0.7353
1252	0.7353
1253	0.7353
1254	0.7059
1255	0.7059
1256	0.7059
1257	0.7059
1258	0.7059
1259	0.7059
1260	0.7059
1261	0.7059
1262	0.7059
1263	0.7059
1264	0.7059
1265	0.7059
1266	0.7059
1267	0.7059
1268	0.7059
1269	0.6471
1270	0.6471
1271	0.6471
1272	0.6471
1273	0.6471
1274	0.6471
1275	0.6471
1276	0.6471
1277	0.6471
1278	0.6471
1279	0.6471
1280	0.6471
1281	0.6471
1282	0.6471
1283	0.6471
1284	0.6471
1285	0.6471
1286	0.6471
1287	0.6471
1288	0.6471
1289	0.6471
1290	0.6471
1291	0.6471
1292	0.6471
1293	0.6471
1294	0.6471
1295	0.6471
1296	0.6471
1297	0.6471
1298	0.6471
1299	0.6471
1300	0.6471
1301	0.6471
1302	0.6471
1303	0.6471
1304	0.6471
1305	0.6471
1306	0.6471
1307	0.6471
1308	0.6471
1309	0.6471
1310	0.6471
1311	0.6471
1312	0.6471
1313	0.6471
1314	0.6471
1315	0.6471
1316	0.6471
1317	0.6471
1318	0.6471
1319	0.6471
1320	0.6471
1321	0.6471
1322	0.6471
1323	0.6471
1324	0.6471
1325	0.6471
1326	0.6471
1327	0.6471
1328	0.6471
1329	0.6471
1330	0.6471
1331	0.6176
1332	0.6176
1333	0.6176
1334	0.6176
1335	0.6176
1336	0.6765
1337	0.6765
1338	0.6765
1339	0.6765
1340	0.6765
1341	0.6765
1342	0.6765
1343	0.6765
1344	0.6765
1345	0.6765
1346	0.6765
1347	0.6765
1348	0.6765
1349	0.6765
1350	0.6765
1351	0.6765
1352	0.6765
1353	0.6765
1354	0.6765
1355	0.6765
1356	0.6765
1357	0.6765
1358	0.6765
1359	0.6765
1360	0.5588
1361	0.4706
1362	0.3235
1363	0.3235
1364	0.3235
1365	0.3235
1366	0.3235
1367	0.3235
1368	0.3235
1369	0.3235
1370	0.3235
1371	0.3235
1372	0.3235
1373	0.3235
1374	0.3235
1375	0.3235
1376	0.3235
1377	0.3235
1378	0.3235
1379	0.3235
1380	0.3235
1381	0.3235
1382	0.3235
1383	0.3235
1384	0.4706
1385	0.5588
1386	0.6471
1387	0.7059
1388	0.7059
1389	0.7941
1390	0.8529
1391	1.0000
1392	1.0000
1393	1.0000
1394	1.0000
1395	1.0000
1396	1.0000
1397	0.3529
1398	-0.0882
1399	-0.4118
1400	-0.6471
1401	-0.7941
1402	-0.9118
1403	-0.9118
1404	-0.9118
1405	-0.9118
1406	-0.9118
1407	-0.9118
1408	-0.9118
1409	-0.9118
1410	-0.9118
1411	-0.9118
1412	-0.9118
1413	-0.9118
1414	-0.9118
1415	-0.9118
1416	-0.9118
1417	-0.9118
1418	-0.3824
1419	0.0000
1420	0.2647
1421	0.4412
1422	0.5588
1423	0.5588
1424	0.6765
1425	0.6765
1426	0.6765
1427	0.6765
1428	0.6765
1429	0.6765
1430	0.6765
1431	0.6765
1432	0.6765
1433	0.6765
1434	0.6765
1435	0.7941
1436	0.7941
1437	0.7941
1438	0.7941
1439	0.7647
1440	0.7647
1441	0.7647
1442	0.7647
1443	0.7647
1444	0.7647
1445	0.7647
1446	0.7647
1447	0.7647
1448	0.6765
1449	0.6765
1450	0.6765
1451	0.6765
1452	0.6765
1453	0.6765
1454	0.6765
1455	0.6765
1456	0.6765
1457	0.6765
1458	0.6765
1459	0.6765
1460	0.6765
1461	0.6765
1462	0.6765
1463	0.6765
1464	0.6765
1465	0.6765
1466	0.6765
1467	0.6765
1468	0.6765
1469	0.6765
1470	0.6765
1471	0.6765
1472	0.6765
1473	0.6765
1474	0.6765
1475	0.6765
1476	0.2647
1477	0.0000
1478	-0.2059
1479	-0.2059
1480	-0.2059
1481	-0.2059
1482	-0.2059
1483	-0.2059
1484	-0.2059
1485	-0.2059
1486	-0.2059
1487	-0.2059
1488	-0.2059
1489	-0.2059
1490	-0.2059
1491	-0.2059
1492	-0.2059
1493	-0.2059
1494	-0.2059
1495	0.0294
1496	0.1765
1497	0.2941
1498	0.3529
1499	0.4118
1500	0.4118
1501	0.4118
1502	0.4118
1503	0.4118
1504	0.5000
1505	0.5588
1506	0.5882
1507	0.6765
1508	0.6765
1509	0.6765
1510	0.6765
1511	0.6765
1512	0.7059
1513	0.7059
1514	0.7059
1515	0.7059
1516	0.6765
1517	0.6765
1518	0.6765
1519	0.6765
1520	0.6765
1521	0.6765
1522	0.6765
1523	0.6765
1524	0.6765
1525	0.6765
1526	0.6765
1527	0.6765
1528	0.6765
1529	0.6765
1530	0.6765
1531	0.6765
1532	0.6765
1533	0.6765
1534	0.6765
1535	0.6765
1536	0.6765
1537	0.6765
1538	0.6765
1539	0.6765
1540	0.6765
1541	0.6765
1542	0.6765
1543	0.6765
1544	0.6765
1545	0.6765
1546	0.6765
1547	0.6765
1548	0.6765
1549	0.6765
1550	0.6765
1551	0.6765
1552	0.6765
1553	0.6765
1554	0.6765
1555	0.6765
1556	0.6765
1557	0.6765
1558	0.6765
1559	0.6765
1560	0.6765
1561	0.6765
1562	0.6765
1563	0.6765
1564	0.6765
1565	0.7353
1566	0.7353
1567	0.7353
1568	0.7353
1569	0.7353
1570	0.7353
1571	0.7353
1572	0.7353
1573	0.7353
1574	0.7353
1575	0.7353
1576	0.7353
1577	0.7353
1578	0.7353
1579	0.7353
1580	0.7353
1581	0.7353
1582	0.7353
1583	0.7353
1584	0.6471
1585	0.6471
1586	0.6471
1587	0.6471
1588	0.6471
1589	0.6471
1590	0.6471
1591	0.6471
1592	0.6471
1593	0.6471
1594	0.6471
1595	0.6471
1596	0.6471
1597	0.6471
1598	0.6471
1599	0.7059
1600	0.7059
1601	0.7059
1602	0.7059
1603	0.6471
1604	0.6471
1605	0.6471
1606	0.6471
1607	0.6471
1608	0.6471
1609	0.7059
1610	0.7059
1611	0.7059
1612	0.7059
1613	0.7059
1614	0.7059
1615	0.7059
1616	0.7059
1617	0.7059
1618	0.7059
1619	0.7059
1620	0.7059
1621	0.7059
1622	0.7059
1623	0.7059
1624	0.6471
1625	0.6471
1626	0.6471
1627	0.6471
1628	0.6471
1629	0.6471
1630	0.6471
1631	0.6471
1632	0.6471
1633	0.6471
1634	0.6471
1635	0.6471
1636	0.7353
1637	0.7353
1638	0.7353
1639	0.7353
1640	0.7353
1641	0.6176
1642	0.6176
1643	0.6176
1644	0.6176
1645	0.6176
1646	0.6176
1647	0.6176
1648	0.6176
1649	0.6176
1650	0.6176
1651	0.5588
1652	0.4412
1653	0.4412
1654	0.4412
1655	0.4412
1656	0.4412
1657	0.4412
1658	0.4412
1659	0.4412
1660	0.4412
1661	0.4412
1662	0.4412
1663	0.4412
1664	0.4412
1665	0.4412
1666	0.4412
1667	0.4412
1668	0.4412
1669	0.4412
1670	0.4412
1671	0.5588
1672	0.6471
1673	0.7059
1674	0.8529
1675	0.8529
1676	0.8529
1677	0.8529
1678	0.9118
1679	0.9118
1680	0.9118
1681	0.9118
1682	0.9118
1683	0.9118
1684	0.9118
1685	0.9118
1686	0.2647
1687	-0.1765
1688	-0.5000
1689	-0.7059
1690	-0.8529
1691	-0.9706
1692	-0.9706
1693	-0.9706
1694	-0.9706
1695	-0.9706
1696	-0.9706
1697	-0.9706
1698	-0.9706
1699	-0.9706
1700	-0.9706
1701	-0.9706
1702	-0.9706
1703	-0.9706
1704	-0.9706
1705	-0.9706
1706	-0.9706
1707	-0.9706
1708	-0.9706
1709	-0.9706
1710	-0.4412
1711	-0.0882
1712	0.1765
1713	0.3529
1714	0.3529
1715	0.5000
1716	0.5882
1717	0.6471
1718	0.6471
1719	0.6471
1720	0.6471
1721	0.6471
1722	0.6471
1723	0.6471
1724	0.6471
1725	0.6471
1726	0.7941
1727	0.7941
1728	0.7941
1729	0.7941
1730	0.7941
1731	0.7941
1732	0.7941
1733	0.6765
1734	0.6765
1735	0.6765
1736	0.6765
1737	0.6765
1738	0.6765
1739	0.6765
1740	0.6765
1741	0.6765
1742	0.6765
1743	0.6765
1744	0.6765
1745	0.6765
1746	0.6765
1747	0.6765
1748	0.6765
1749	0.6765
1750	0.6765
1751	0.6765
1752	0.6765
1753	0.6765
1754	0.6765
1755	0.6765
1756	0.6765
1757	0.6765
1758	0.6765
1759	0.6765
1760	0.6765
1761	0.6765
1762	0.6765
1763	0.6765
1764	0.6765
1765	0.6765
1766	0.6765
1767	0.6765
1768	0.2941
1769	0.0294
1770	-0.1471
1771	-0.1471
1772	-0.1471
1773	-0.1471
1774	-0.1471
1775	-0.1471
1776	-0.1471
1777	-0.1471
1778	-0.1471
1779	-0.1471
1780	-0.1471
1781	-0.1471
1782	-0.1471
1783	-0.1471
1784	-0.1471
1785	-0.1471
1786	-0.1471
1787	-0.1471
1788	-0.1471
1789	-0.1471
1790	-0.1471
1791	-0.1471
1792	-0.1471
1793	-0.1471
1794	-0.1471
1795	0.1176
1796	0.3235
1797	0.4706
1798	0.4706
1799	0.5294
1800	0.5588
1801	0.7059
1802	0.7353
1803	0.7353
1804	0.7353
1805	0.8824
1806	0.8824
1807	0.8824
1808	0.8824
1809	0.8824
1810	0.8824
1811	0.8824
1812	0.8824
1813	0.8824
1814	0.8824
1815	0.7647
1816	0.7647
1817	0.7647
1818	0.7647
1819	0.7647
1820	0.7647
1821	0.7647
1822	0.7647
1823	0.7647
1824	0.6471
1825	0.6471
1826	0.6471
1827	0.6765
1828	0.6765
1829	0.6765
1830	0.6765
1831	0.6765
1832	0.6765
1833	0.6471
1834	0.6471
1835	0.6471
1836	0.6471
1837	0.6471
1838	0.6471
1839	0.6471
1840	0.6471
1841	0.6471
1842	0.6471
1843	0.6471
1844	0.6471
1845	0.6471
1846	0.6471
1847	0.6471
1848	0.6471
1849	0.6471
1850	0.6471
1851	0.6471
1852	0.7059
1853	0.7059
1854	0.7059
1855	0.7059
1856	0.7059
1857	0.7059
1858	0.7059
1859	0.7059
1860	0.7059
1861	0.7647
1862	0.7647
1863	0.7647
1864	0.7647
1865	0.6471
1866	0.6471
1867	0.6471
1868	0.6471
1869	0.6471
1870	0.6471
1871	0.6471
1872	0.6471
1873	0.7353
1874	0.7353
1875	0.7353
1876	0.7059
1877	0.7059
1878	0.7059
1879	0.7059
1880	0.7059
1881	0.7059
1882	0.7059
1883	0.7059
1884	0.7059
1885	0.6765
1886	0.6765
1887	0.6765
1888	0.6765
1889	0.6765
1890	0.7353
1891	0.7353
1892	0.7353
1893	0.7353
1894	0.7059
1895	0.7059
1896	0.7059
1897	0.7059
1898	0.7059
1899	0.7059
1900	0.7059
1901	0.7059
1902	0.7353
1903	0.7353
1904	0.7353
1905	0.7353
1906	0.7353
1907	0.7353
1908	0.7353
1909	0.7353
1910	0.7353
1911	0.7353
1912	0.7353
1913	0.7353
1914	0.6471
1915	0.6471
1916	0.6471
1917	0.6471
1918	0.5588
1919	0.5000
1920	0.3824
1921	0.3824
1922	0.3824
1923	0.3824
1924	0.3824
1925	0.4118
1926	0.5588
1927	0.5588
1928	0.5588
1929	0.5588
1930	0.5588
1931	0.5588
1932	0.6176
1933	0.6765
1934	0.8235
1935	0.8235
1936	0.8235
1937	0.8235
1938	0.9412
1939	0.9412
1940	0.9412
1941	0.9412
1942	0.9412
1943	0.9412
1944	0.9412
1945	0.9412
1946	0.9412
1947	0.9412
1948	0.9706
1949	0.9706
1950	0.9706
1951	0.9706
1952	0.9706
1953	0.9706
1954	0.9706
1955	0.3235
1956	-0.1176
1957	-0.4412
1958	-0.6765
1959	-0.8235
1960	-0.9412
1961	-0.9412
1962	-0.9412
1963	-0.9412
1964	-0.9412
1965	-0.9412
1966	-0.9412
1967	-0.9412
1968	-0.9412
1969	-0.9412
1970	-0.9412
1971	-0.4118
1972	-0.0588
1973	0.2059
1974	0.3824
1975	0.5000
1976	0.5882
1977	0.6471
1978	0.6471
1979	0.6765
1980	0.8235
1981	0.8235
1982	0.8235
1983	0.8529
1984	0.8529
1985	0.8529
1986	0.8529
1987	0.8529
1988	0.8529
1989	0.8529
1990	0.8529
1991	0.8529
1992	0.7941
1993	0.7941
1994	0.7941
1995	0.7941
1996	0.7941
1997	0.8824
1998	0.8824
1999	0.8824
2000	0.8824
2001	0.8824
2002	0.8824
2003	0.8824
2004	0.8824
2005	0.8824
2006	0.8824
2007	0.7941
2008	0.6471
2009	0.6471
2010	0.6471
2011	0.6471
2012	0.6471
2013	0.6471
2014	0.6471
2015	0.6471
2016	0.6471
2017	0.6471
2018	0.6471
2019	0.6471
2020	0.6471
2021	0.6471
2022	0.6471
2023	0.6471
2024	0.6471
2025	0.6471
2026	0.6471
2027	0.6471
2028	0.6471
2029	0.6471
2030	0.6471
2031	0.6471
2032	0.6471
2033	0.6471
2034	0.6471
2035	0.6471
2036	0.6471
2037	0.2647
2038	0.0000
2039	-0.2059
2040	-0.3529
2041	-0.4412
2042	-0.4412
2043	-0.4412
2044	-0.4412
2045	-0.4412
2046	-0.4412
2047	-0.4412
2048	-0.4412
2049	-0.4412
2050	-0.4412
2051	-0.4412
2052	-0.4412
2053	-0.4412
2054	-0.4412
2055	-0.4412
2056	-0.0882
2057	0.1765
2058	0.3529
2059	0.4706
2060	0.5294
2061	0.6765
2062	0.6765
2063	0.6765
2064	0.6765
2065	0.6765
2066	0.6765
2067	0.7941
2068	0.7941
2069	0.7941
2070	0.7941
2071	0.7941
2072	0.7941
2073	0.7941
2074	0.7941
2075	0.7941
2076	0.7941
2077	0.7941
2078	0.7941
2079	0.7941
2080	0.7941
2081	0.7941
2082	0.7941
2083	0.7941
2084	0.7941
2085	0.7941
2086	0.7941
2087	0.7353
2088	0.7353
2089	0.7353
2090	0.7353
2091	0.7647
2092	0.7647
2093	0.7647
2094	0.7647
2095	0.7647
2096	0.6471
2097	0.6471
2098	0.6471
2099	0.6471
2100	0.6471
2101	0.6471
2102	0.6471
2103	0.6471
2104	0.6471
2105	0.6471
2106	0.6471
2107	0.6471
2108	0.6471
2109	0.6471
2110	0.6471
2111	0.6471
2112	0.6471
2113	0.6471
2114	0.6471
2115	0.6471
2116	0.6471
2117	0.6471
2118	0.6471
2119	0.6471
2120	0.6471
2121	0.6471
2122	0.6471
2123	0.6471
2124	0.6471
2125	0.6765
2126	0.6765
2127	0.6765
2128	0.6765
2129	0.6765
2130	0.6765
2131	0.6765
2132	0.7353
2133	0.7353
2134	0.7353
2135	0.7353
2136	0.7353
2137	0.7059
2138	0.7059
2139	0.7059
2140	0.7059
2141	0.7353
2142	0.7353
2143	0.7353
2144	0.7353
2145	0.7353
2146	0.7353
2147	0.7353
2148	0.7353
2149	0.7353
2150	0.7353
2151	0.7353
2152	0.7353
2153	0.7353
2154	0.7353
2155	0.7353
2156	0.7353
2157	0.7353
2158	0.7353
